0,367,0
3,376,0
6,381,0
9,369,0
12,370,0
15,378,0
18,387,0
21,393,0
24,391,0
27,391,0
30,381,0
33,376,0
36,360,0
39,344,0
42,333,0
45,301,0
48,278,0
51,255,0
54,237,0
57,221,0
60,221,0
63,230,0
66,239,0
69,246,0
72,252,0
75,259,0
78,261,0
81,264,0
84,267,0
87,270,0
90,276,0
93,277,0
96,277,0
99,278,0
102,277,0
105,277,0
108,277,0
111,275,0
114,274,0
117,268,0
120,267,0
123,265,0
126,262,0
129,253,0
132,247,0
135,239,0
138,233,0
141,225,0
144,226,0
147,255,0
150,303,0
153,351,0
156,384,0
159,396,0
162,398,0
165,399,0
168,401,0
171,402,0
174,402,0
177,403,0
180,404,0
183,405,0
186,407,0
189,406,0
192,405,0
195,403,0
198,402,0
201,404,0
204,403,0
207,400,0
210,393,0
213,387,0
216,357,0
219,329,0
222,305,0
225,270,0
228,253,0
231,243,0
234,230,0
237,221,0
240,221,0
243,230,0
246,237,0
249,244,0
252,250,0
255,255,0
258,260,0
261,264,0
264,265,0
267,268,0
270,270,0
273,270,0
276,272,0
279,273,0
282,272,0
285,273,0
288,273,0
291,272,0
294,271,0
297,268,0
300,265,0
303,261,0
306,252,0
309,251,0
312,244,0
315,236,0
318,228,0
321,220,0
324,228,0
327,237,0
330,244,0
333,253,0
336,262,0
339,277,0
342,292,0
345,313,0
348,325,0
351,346,0
354,353,0
357,367,0
0,405,2
3,404,2
6,403,2
9,402,2
12,400,2
15,400,2
18,400,2
21,401,2
24,404,2
27,403,2
30,404,2
33,403,2
36,402,2
39,400,2
42,399,2
45,399,2
48,402,2
51,398,2
54,396,2
57,323,2
60,379,2
63,379,2
66,379,2
69,379,2
72,379,2
75,378,2
78,391,2
81,393,2
84,404,2
87,403,2
90,403,2
93,404,2
96,406,2
99,408,2
102,406,2
105,407,2
108,407,2
111,407,2
114,405,2
117,400,2
120,401,2
123,400,2
126,400,2
129,400,2
132,396,2
135,398,2
138,385,2
141,400,2
144,407,2
147,408,2
150,408,2
153,409,2
156,409,2
159,409,2
162,409,2
165,410,2
168,410,2
171,409,2
174,411,2
177,410,2
180,410,2
183,411,2
186,411,2
189,410,2
192,409,2
195,408,2
198,408,2
201,410,2
204,412,2
207,412,2
210,411,2
213,411,2
216,411,2
219,410,2
222,410,2
225,411,2
228,410,2
231,393,2
234,332,2
237,255,2
240,257,2
243,295,2
246,289,2
249,320,2
252,321,2
255,305,2
258,320,2
261,299,2
264,287,2
267,286,2
270,286,2
273,283,2
276,286,2
279,283,2
282,280,2
285,280,2
288,278,2
291,272,2
294,271,2
297,265,2
300,261,2
303,260,2
306,256,2
309,249,2
312,242,2
315,236,2
318,231,2
321,219,2
324,239,2
327,297,2
330,375,2
333,396,2
336,405,2
339,405,2
342,406,2
345,406,2
348,407,2
351,407,2
354,408,2
357,408,2
0,408,4
3,409,4
6,409,4
9,408,4
12,408,4
15,409,4
18,409,4
21,410,4
24,411,4
27,408,4
30,408,4
33,408,4
36,408,4
39,407,4
42,405,4
45,405,4
48,406,4
51,406,4
54,406,4
57,403,4
60,403,4
63,403,4
66,403,4
69,402,4
72,402,4
75,405,4
78,405,4
81,407,4
84,408,4
87,408,4
90,409,4
93,410,4
96,413,4
99,413,4
102,414,4
105,414,4
108,413,4
111,412,4
114,411,4
117,410,4
120,410,4
123,409,4
126,410,4
129,410,4
132,410,4
135,411,4
138,411,4
141,412,4
144,412,4
147,413,4
150,413,4
153,413,4
156,413,4
159,413,4
162,413,4
165,413,4
168,412,4
171,412,4
174,413,4
177,413,4
180,413,4
183,413,4
186,413,4
189,413,4
192,413,4
195,412,4
198,412,4
201,412,4
204,412,4
207,412,4
210,412,4
213,413,4
216,414,4
219,413,4
222,413,4
225,413,4
228,413,4
231,412,4
234,410,4
237,410,4
240,409,4
243,409,4
246,408,4
249,408,4
252,408,4
255,409,4
258,409,4
261,409,4
264,409,4
267,409,4
270,409,4
273,409,4
276,409,4
279,410,4
282,410,4
285,410,4
288,410,4
291,409,4
294,407,4
297,405,4
300,406,4
303,406,4
306,402,4
309,405,4
312,407,4
315,406,4
318,407,4
321,407,4
324,408,4
327,410,4
330,410,4
333,410,4
336,410,4
339,410,4
342,411,4
345,411,4
348,412,4
351,410,4
354,411,4
357,410,4
0,411,6
3,412,6
6,413,6
9,413,6
12,413,6
15,413,6
18,414,6
21,414,6
24,414,6
27,414,6
30,414,6
33,414,6
36,413,6
39,413,6
42,411,6
45,411,6
48,411,6
51,411,6
54,411,6
57,411,6
60,410,6
63,410,6
66,409,6
69,409,6
72,409,6
75,410,6
78,409,6
81,410,6
84,412,6
87,413,6
90,413,6
93,414,6
96,414,6
99,414,6
102,414,6
105,414,6
108,415,6
111,415,6
114,415,6
117,415,6
120,417,6
123,416,6
126,414,6
129,414,6
132,414,6
135,415,6
138,415,6
141,415,6
144,415,6
147,415,6
150,415,6
153,415,6
156,415,6
159,415,6
162,415,6
165,415,6
168,415,6
171,415,6
174,414,6
177,415,6
180,415,6
183,415,6
186,416,6
189,415,6
192,415,6
195,414,6
198,414,6
201,414,6
204,414,6
207,414,6
210,415,6
213,415,6
216,415,6
219,415,6
222,415,6
225,414,6
228,414,6
231,413,6
234,413,6
237,413,6
240,411,6
243,411,6
246,411,6
249,412,6
252,412,6
255,412,6
258,412,6
261,413,6
264,413,6
267,413,6
270,413,6
273,413,6
276,413,6
279,413,6
282,414,6
285,413,6
288,413,6
291,413,6
294,412,6
297,412,6
300,412,6
303,411,6
306,411,6
309,411,6
312,411,6
315,412,6
318,412,6
321,412,6
324,412,6
327,413,6
330,413,6
333,413,6
336,413,6
339,413,6
342,413,6
345,413,6
348,413,6
351,414,6
354,414,6
357,414,6
0,414,8
3,414,8
6,414,8
9,414,8
12,414,8
15,414,8
18,414,8
21,414,8
24,414,8
27,415,8
30,415,8
33,415,8
36,415,8
39,415,8
42,413,8
45,413,8
48,413,8
51,413,8
54,413,8
57,413,8
60,413,8
63,412,8
66,411,8
69,411,8
72,411,8
75,411,8
78,412,8
81,413,8
84,413,8
87,413,8
90,414,8
93,414,8
96,414,8
99,415,8
102,415,8
105,415,8
108,415,8
111,416,8
114,416,8
117,416,8
120,416,8
123,416,8
126,415,8
129,415,8
132,415,8
135,416,8
138,415,8
141,415,8
144,416,8
147,416,8
150,415,8
153,415,8
156,415,8
159,415,8
162,416,8
165,416,8
168,415,8
171,415,8
174,415,8
177,415,8
180,415,8
183,416,8
186,416,8
189,416,8
192,416,8
195,415,8
198,415,8
201,415,8
204,415,8
207,415,8
210,415,8
213,415,8
216,415,8
219,415,8
222,415,8
225,414,8
228,414,8
231,414,8
234,414,8
237,414,8
240,415,8
243,414,8
246,414,8
249,414,8
252,413,8
255,413,8
258,413,8
261,413,8
264,413,8
267,413,8
270,413,8
273,413,8
276,414,8
279,414,8
282,414,8
285,414,8
288,414,8
291,414,8
294,413,8
297,413,8
300,413,8
303,413,8
306,413,8
309,412,8
312,413,8
315,413,8
318,413,8
321,413,8
324,413,8
327,413,8
330,414,8
333,414,8
336,413,8
339,413,8
342,414,8
345,413,8
348,414,8
351,414,8
354,413,8
357,413,8
0,413,10
3,413,10
6,413,10
9,413,10
12,414,10
15,413,10
18,414,10
21,414,10
24,414,10
27,413,10
30,413,10
33,413,10
36,414,10
39,414,10
42,414,10
45,414,10
48,414,10
51,414,10
54,414,10
57,414,10
60,414,10
63,413,10
66,412,10
69,412,10
72,414,10
75,413,10
78,413,10
81,414,10
84,414,10
87,414,10
90,414,10
93,415,10
96,414,10
99,414,10
102,414,10
105,413,10
108,413,10
111,413,10
114,413,10
117,413,10
120,413,10
123,415,10
126,415,10
129,415,10
132,416,10
135,416,10
138,416,10
141,416,10
144,416,10
147,416,10
150,416,10
153,416,10
156,416,10
159,416,10
162,416,10
165,416,10
168,417,10
171,417,10
174,417,10
177,416,10
180,416,10
183,416,10
186,415,10
189,415,10
192,416,10
195,416,10
198,416,10
201,415,10
204,415,10
207,415,10
210,415,10
213,415,10
216,415,10
219,415,10
222,415,10
225,415,10
228,415,10
231,414,10
234,414,10
237,415,10
240,415,10
243,415,10
246,415,10
249,415,10
252,415,10
255,415,10
258,414,10
261,414,10
264,415,10
267,414,10
270,415,10
273,415,10
276,414,10
279,414,10
282,414,10
285,414,10
288,414,10
291,414,10
294,414,10
297,414,10
300,414,10
303,413,10
306,413,10
309,413,10
312,413,10
315,413,10
318,414,10
321,414,10
324,414,10
327,413,10
330,413,10
333,413,10
336,413,10
339,413,10
342,413,10
345,414,10
348,414,10
351,413,10
354,413,10
357,413,10
0,413,12
3,414,12
6,413,12
9,413,12
12,414,12
15,414,12
18,414,12
21,414,12
24,414,12
27,415,12
30,415,12
33,415,12
36,415,12
39,415,12
42,415,12
45,415,12
48,415,12
51,416,12
54,415,12
57,414,12
60,414,12
63,414,12
66,413,12
69,414,12
72,416,12
75,414,12
78,415,12
81,415,12
84,414,12
87,414,12
90,414,12
93,414,12
96,414,12
99,415,12
102,414,12
105,414,12
108,414,12
111,416,12
114,415,12
117,415,12
120,418,12
123,417,12
126,417,12
129,416,12
132,416,12
135,417,12
138,417,12
141,417,12
144,417,12
147,416,12
150,416,12
153,416,12
156,416,12
159,417,12
162,417,12
165,417,12
168,417,12
171,417,12
174,417,12
177,417,12
180,417,12
183,417,12
186,417,12
189,417,12
192,417,12
195,417,12
198,417,12
201,417,12
204,417,12
207,417,12
210,417,12
213,417,12
216,416,12
219,416,12
222,416,12
225,416,12
228,416,12
231,416,12
234,416,12
237,416,12
240,416,12
243,416,12
246,416,12
249,415,12
252,415,12
255,414,12
258,413,12
261,412,12
264,413,12
267,413,12
270,414,12
273,414,12
276,414,12
279,414,12
282,414,12
285,414,12
288,413,12
291,413,12
294,413,12
297,412,12
300,412,12
303,413,12
306,413,12
309,414,12
312,414,12
315,414,12
318,414,12
321,414,12
324,414,12
327,414,12
330,414,12
333,414,12
336,414,12
339,414,12
342,414,12
345,415,12
348,415,12
351,414,12
354,414,12
357,414,12
0,414,14
3,414,14
6,414,14
9,414,14
12,414,14
15,414,14
18,414,14
21,414,14
24,414,14
27,414,14
30,414,14
33,414,14
36,415,14
39,415,14
42,415,14
45,415,14
48,414,14
51,414,14
54,414,14
57,414,14
60,415,14
63,413,14
66,413,14
69,413,14
72,414,14
75,415,14
78,413,14
81,414,14
84,414,14
87,414,14
90,415,14
93,416,14
96,416,14
99,416,14
102,416,14
105,416,14
108,416,14
111,416,14
114,415,14
117,415,14
120,417,14
123,416,14
126,416,14
129,417,14
132,417,14
135,417,14
138,417,14
141,417,14
144,417,14
147,417,14
150,417,14
153,417,14
156,417,14
159,417,14
162,417,14
165,417,14
168,417,14
171,417,14
174,417,14
177,417,14
180,417,14
183,417,14
186,417,14
189,417,14
192,417,14
195,417,14
198,416,14
201,416,14
204,416,14
207,416,14
210,416,14
213,416,14
216,416,14
219,416,14
222,416,14
225,415,14
228,415,14
231,415,14
234,415,14
237,415,14
240,415,14
243,415,14
246,415,14
249,414,14
252,413,14
255,411,14
258,412,14
261,411,14
264,414,14
267,412,14
270,413,14
273,413,14
276,413,14
279,413,14
282,414,14
285,413,14
288,414,14
291,413,14
294,412,14
297,413,14
300,413,14
303,414,14
306,414,14
309,414,14
312,414,14
315,414,14
318,414,14
321,414,14
324,414,14
327,414,14
330,414,14
333,414,14
336,415,14
339,414,14
342,414,14
345,413,14
348,413,14
351,413,14
354,413,14
357,412,14
0,413,16
3,413,16
6,414,16
9,414,16
12,414,16
15,414,16
18,414,16
21,414,16
24,414,16
27,414,16
30,414,16
33,414,16
36,414,16
39,414,16
42,414,16
45,414,16
48,414,16
51,414,16
54,414,16
57,413,16
60,413,16
63,413,16
66,413,16
69,413,16
72,413,16
75,414,16
78,414,16
81,414,16
84,415,16
87,415,16
90,415,16
93,415,16
96,416,16
99,416,16
102,416,16
105,416,16
108,416,16
111,416,16
114,416,16
117,415,16
120,415,16
123,416,16
126,416,16
129,416,16
132,416,16
135,417,16
138,417,16
141,417,16
144,417,16
147,417,16
150,417,16
153,417,16
156,417,16
159,417,16
162,417,16
165,417,16
168,417,16
171,417,16
174,417,16
177,416,16
180,416,16
183,416,16
186,416,16
189,416,16
192,417,16
195,417,16
198,417,16
201,416,16
204,416,16
207,416,16
210,416,16
213,416,16
216,416,16
219,416,16
222,416,16
225,416,16
228,416,16
231,416,16
234,416,16
237,416,16
240,416,16
243,415,16
246,415,16
249,415,16
252,414,16
255,411,16
258,413,16
261,412,16
264,411,16
267,412,16
270,413,16
273,413,16
276,413,16
279,413,16
282,413,16
285,414,16
288,413,16
291,413,16
294,413,16
297,412,16
300,412,16
303,412,16
306,413,16
309,413,16
312,413,16
315,413,16
318,413,16
321,414,16
324,414,16
327,414,16
330,413,16
333,413,16
336,413,16
339,413,16
342,413,16
345,413,16
348,413,16
351,413,16
354,414,16
357,413,16
0,414,18
3,414,18
6,413,18
9,414,18
12,412,18
15,413,18
18,413,18
21,413,18
24,413,18
27,413,18
30,413,18
33,413,18
36,414,18
39,414,18
42,413,18
45,414,18
48,413,18
51,413,18
54,412,18
57,413,18
60,413,18
63,414,18
66,413,18
69,413,18
72,415,18
75,415,18
78,415,18
81,415,18
84,415,18
87,415,18
90,415,18
93,416,18
96,416,18
99,416,18
102,416,18
105,416,18
108,416,18
111,416,18
114,416,18
117,416,18
120,416,18
123,416,18
126,416,18
129,415,18
132,416,18
135,415,18
138,415,18
141,415,18
144,415,18
147,415,18
150,416,18
153,416,18
156,416,18
159,416,18
162,416,18
165,416,18
168,416,18
171,417,18
174,417,18
177,417,18
180,417,18
183,416,18
186,417,18
189,417,18
192,417,18
195,416,18
198,416,18
201,416,18
204,416,18
207,416,18
210,415,18
213,415,18
216,415,18
219,415,18
222,415,18
225,416,18
228,416,18
231,415,18
234,415,18
237,415,18
240,415,18
243,415,18
246,415,18
249,415,18
252,414,18
255,413,18
258,413,18
261,413,18
264,413,18
267,413,18
270,413,18
273,413,18
276,413,18
279,413,18
282,412,18
285,412,18
288,412,18
291,412,18
294,412,18
297,413,18
300,414,18
303,414,18
306,414,18
309,413,18
312,413,18
315,413,18
318,414,18
321,413,18
324,413,18
327,413,18
330,413,18
333,413,18
336,414,18
339,414,18
342,413,18
345,413,18
348,413,18
351,413,18
354,414,18
357,414,18
0,416,20
3,413,20
6,414,20
9,414,20
12,415,20
15,414,20
18,413,20
21,413,20
24,413,20
27,413,20
30,413,20
33,414,20
36,414,20
39,414,20
42,414,20
45,414,20
48,414,20
51,414,20
54,414,20
57,414,20
60,413,20
63,414,20
66,414,20
69,414,20
72,414,20
75,415,20
78,415,20
81,415,20
84,415,20
87,415,20
90,415,20
93,416,20
96,416,20
99,416,20
102,416,20
105,416,20
108,416,20
111,416,20
114,416,20
117,416,20
120,416,20
123,415,20
126,415,20
129,415,20
132,416,20
135,416,20
138,416,20
141,416,20
144,416,20
147,416,20
150,416,20
153,416,20
156,416,20
159,416,20
162,416,20
165,416,20
168,416,20
171,416,20
174,416,20
177,416,20
180,416,20
183,415,20
186,416,20
189,416,20
192,416,20
195,416,20
198,416,20
201,416,20
204,416,20
207,416,20
210,416,20
213,416,20
216,416,20
219,415,20
222,416,20
225,415,20
228,415,20
231,415,20
234,415,20
237,414,20
240,415,20
243,414,20
246,414,20
249,414,20
252,413,20
255,412,20
258,412,20
261,412,20
264,412,20
267,411,20
270,411,20
273,412,20
276,413,20
279,413,20
282,413,20
285,413,20
288,413,20
291,413,20
294,413,20
297,413,20
300,413,20
303,413,20
306,413,20
309,413,20
312,413,20
315,413,20
318,413,20
321,413,20
324,413,20
327,413,20
330,413,20
333,413,20
336,413,20
339,413,20
342,414,20
345,414,20
348,414,20
351,414,20
354,413,20
357,413,20
0,413,22
3,413,22
6,413,22
9,413,22
12,413,22
15,413,22
18,412,22
21,412,22
24,412,22
27,412,22
30,412,22
33,414,22
36,414,22
39,414,22
42,414,22
45,414,22
48,414,22
51,413,22
54,413,22
57,413,22
60,416,22
63,414,22
66,414,22
69,415,22
72,415,22
75,414,22
78,415,22
81,415,22
84,415,22
87,415,22
90,415,22
93,415,22
96,415,22
99,416,22
102,415,22
105,415,22
108,415,22
111,415,22
114,414,22
117,413,22
120,414,22
123,414,22
126,414,22
129,416,22
132,416,22
135,416,22
138,416,22
141,416,22
144,416,22
147,417,22
150,417,22
153,417,22
156,417,22
159,416,22
162,416,22
165,416,22
168,416,22
171,416,22
174,416,22
177,416,22
180,416,22
183,416,22
186,416,22
189,416,22
192,416,22
195,415,22
198,415,22
201,415,22
204,415,22
207,415,22
210,415,22
213,415,22
216,415,22
219,415,22
222,415,22
225,414,22
228,414,22
231,414,22
234,414,22
237,414,22
240,414,22
243,414,22
246,414,22
249,414,22
252,415,22
255,415,22
258,414,22
261,413,22
264,404,22
267,413,22
270,413,22
273,413,22
276,413,22
279,413,22
282,413,22
285,413,22
288,413,22
291,413,22
294,413,22
297,413,22
300,413,22
303,413,22
306,413,22
309,413,22
312,413,22
315,414,22
318,414,22
321,414,22
324,413,22
327,412,22
330,412,22
333,412,22
336,412,22
339,412,22
342,413,22
345,413,22
348,412,22
351,412,22
354,413,22
357,413,22
0,413,24
3,413,24
6,413,24
9,413,24
12,413,24
15,413,24
18,412,24
21,412,24
24,412,24
27,412,24
30,413,24
33,413,24
36,413,24
39,414,24
42,414,24
45,413,24
48,413,24
51,414,24
54,414,24
57,414,24
60,414,24
63,414,24
66,414,24
69,414,24
72,414,24
75,414,24
78,414,24
81,414,24
84,414,24
87,414,24
90,414,24
93,414,24
96,414,24
99,414,24
102,414,24
105,414,24
108,414,24
111,415,24
114,415,24
117,415,24
120,415,24
123,415,24
126,415,24
129,416,24
132,416,24
135,416,24
138,416,24
141,416,24
144,416,24
147,416,24
150,416,24
153,416,24
156,416,24
159,416,24
162,416,24
165,416,24
168,416,24
171,416,24
174,416,24
177,416,24
180,416,24
183,416,24
186,416,24
189,416,24
192,416,24
195,416,24
198,416,24
201,416,24
204,416,24
207,415,24
210,415,24
213,415,24
216,414,24
219,414,24
222,415,24
225,415,24
228,415,24
231,415,24
234,414,24
237,414,24
240,414,24
243,414,24
246,414,24
249,415,24
252,415,24
255,415,24
258,414,24
261,414,24
264,413,24
267,413,24
270,412,24
273,412,24
276,412,24
279,412,24
282,413,24
285,414,24
288,413,24
291,413,24
294,413,24
297,413,24
300,413,24
303,413,24
306,414,24
309,414,24
312,414,24
315,414,24
318,413,24
321,413,24
324,413,24
327,413,24
330,413,24
333,413,24
336,413,24
339,413,24
342,413,24
345,413,24
348,413,24
351,413,24
354,413,24
357,413,24
0,413,26
3,413,26
6,413,26
9,413,26
12,413,26
15,413,26
18,413,26
21,413,26
24,413,26
27,413,26
30,413,26
33,413,26
36,413,26
39,414,26
42,414,26
45,414,26
48,414,26
51,413,26
54,413,26
57,413,26
60,413,26
63,413,26
66,414,26
69,414,26
72,414,26
75,414,26
78,415,26
81,415,26
84,415,26
87,414,26
90,414,26
93,414,26
96,415,26
99,416,26
102,415,26
105,415,26
108,415,26
111,416,26
114,416,26
117,416,26
120,416,26
123,416,26
126,416,26
129,416,26
132,416,26
135,416,26
138,416,26
141,416,26
144,416,26
147,416,26
150,416,26
153,416,26
156,417,26
159,417,26
162,417,26
165,417,26
168,417,26
171,416,26
174,416,26
177,416,26
180,416,26
183,416,26
186,416,26
189,416,26
192,416,26
195,416,26
198,415,26
201,415,26
204,415,26
207,415,26
210,415,26
213,415,26
216,415,26
219,415,26
222,415,26
225,415,26
228,415,26
231,415,26
234,415,26
237,415,26
240,415,26
243,414,26
246,414,26
249,414,26
252,414,26
255,414,26
258,414,26
261,414,26
264,414,26
267,414,26
270,414,26
273,414,26
276,414,26
279,413,26
282,413,26
285,413,26
288,413,26
291,413,26
294,413,26
297,414,26
300,414,26
303,414,26
306,414,26
309,414,26
312,414,26
315,413,26
318,413,26
321,413,26
324,414,26
327,413,26
330,414,26
333,414,26
336,414,26
339,414,26
342,414,26
345,414,26
348,414,26
351,413,26
354,413,26
357,413,26
0,413,28
3,413,28
6,413,28
9,413,28
12,413,28
15,412,28
18,413,28
21,413,28
24,412,28
27,413,28
30,413,28
33,413,28
36,414,28
39,414,28
42,413,28
45,414,28
48,414,28
51,414,28
54,413,28
57,414,28
60,414,28
63,415,28
66,415,28
69,415,28
72,415,28
75,415,28
78,415,28
81,415,28
84,414,28
87,414,28
90,414,28
93,414,28
96,414,28
99,417,28
102,416,28
105,416,28
108,416,28
111,416,28
114,416,28
117,416,28
120,415,28
123,415,28
126,415,28
129,415,28
132,416,28
135,416,28
138,416,28
141,417,28
144,417,28
147,416,28
150,417,28
153,417,28
156,417,28
159,417,28
162,417,28
165,417,28
168,417,28
171,417,28
174,417,28
177,417,28
180,416,28
183,416,28
186,416,28
189,416,28
192,416,28
195,416,28
198,416,28
201,416,28
204,416,28
207,415,28
210,415,28
213,415,28
216,415,28
219,415,28
222,415,28
225,415,28
228,415,28
231,415,28
234,414,28
237,414,28
240,414,28
243,414,28
246,414,28
249,414,28
252,414,28
255,414,28
258,414,28
261,414,28
264,414,28
267,414,28
270,413,28
273,413,28
276,413,28
279,413,28
282,413,28
285,413,28
288,414,28
291,414,28
294,414,28
297,414,28
300,414,28
303,414,28
306,414,28
309,414,28
312,413,28
315,413,28
318,414,28
321,413,28
324,413,28
327,413,28
330,413,28
333,413,28
336,414,28
339,414,28
342,414,28
345,414,28
348,413,28
351,413,28
354,413,28
357,413,28
0,413,30
3,413,30
6,413,30
9,413,30
12,413,30
15,413,30
18,413,30
21,413,30
24,414,30
27,414,30
30,414,30
33,414,30
36,414,30
39,414,30
42,414,30
45,415,30
48,415,30
51,415,30
54,414,30
57,415,30
60,415,30
63,415,30
66,415,30
69,415,30
72,416,30
75,416,30
78,416,30
81,415,30
84,415,30
87,415,30
90,415,30
93,415,30
96,415,30
99,416,30
102,416,30
105,416,30
108,416,30
111,417,30
114,417,30
117,417,30
120,417,30
123,417,30
126,417,30
129,417,30
132,417,30
135,417,30
138,417,30
141,417,30
144,417,30
147,417,30
150,416,30
153,416,30
156,416,30
159,416,30
162,416,30
165,417,30
168,417,30
171,417,30
174,417,30
177,417,30
180,417,30
183,416,30
186,416,30
189,416,30
192,416,30
195,416,30
198,416,30
201,416,30
204,415,30
207,415,30
210,415,30
213,415,30
216,415,30
219,415,30
222,415,30
225,415,30
228,415,30
231,415,30
234,415,30
237,414,30
240,414,30
243,414,30
246,414,30
249,414,30
252,414,30
255,414,30
258,414,30
261,414,30
264,414,30
267,414,30
270,414,30
273,414,30
276,414,30
279,414,30
282,413,30
285,413,30
288,413,30
291,413,30
294,413,30
297,413,30
300,413,30
303,413,30
306,413,30
309,413,30
312,413,30
315,414,30
318,414,30
321,414,30
324,414,30
327,413,30
330,413,30
333,413,30
336,413,30
339,413,30
342,414,30
345,414,30
348,414,30
351,414,30
354,414,30
357,413,30
0,414,32
3,415,32
6,414,32
9,415,32
12,415,32
15,415,32
18,414,32
21,414,32
24,414,32
27,414,32
30,414,32
33,414,32
36,414,32
39,415,32
42,415,32
45,415,32
48,415,32
51,415,32
54,416,32
57,416,32
60,415,32
63,416,32
66,416,32
69,416,32
72,416,32
75,415,32
78,415,32
81,415,32
84,416,32
87,416,32
90,417,32
93,417,32
96,417,32
99,417,32
102,417,32
105,417,32
108,417,32
111,416,32
114,416,32
117,416,32
120,416,32
123,416,32
126,416,32
129,417,32
132,416,32
135,417,32
138,416,32
141,416,32
144,416,32
147,416,32
150,417,32
153,417,32
156,417,32
159,417,32
162,416,32
165,416,32
168,416,32
171,416,32
174,416,32
177,416,32
180,416,32
183,416,32
186,416,32
189,416,32
192,415,32
195,415,32
198,415,32
201,415,32
204,416,32
207,416,32
210,415,32
213,415,32
216,415,32
219,415,32
222,415,32
225,415,32
228,415,32
231,415,32
234,415,32
237,414,32
240,414,32
243,414,32
246,414,32
249,414,32
252,414,32
255,414,32
258,414,32
261,414,32
264,414,32
267,414,32
270,414,32
273,414,32
276,414,32
279,414,32
282,414,32
285,413,32
288,413,32
291,413,32
294,414,32
297,414,32
300,414,32
303,414,32
306,414,32
309,414,32
312,413,32
315,413,32
318,413,32
321,413,32
324,416,32
327,414,32
330,414,32
333,414,32
336,414,32
339,414,32
342,415,32
345,414,32
348,414,32
351,414,32
354,414,32
357,413,32
0,414,34
3,414,34
6,415,34
9,415,34
12,415,34
15,415,34
18,415,34
21,415,34
24,415,34
27,415,34
30,415,34
33,416,34
36,415,34
39,415,34
42,415,34
45,415,34
48,415,34
51,415,34
54,415,34
57,415,34
60,415,34
63,415,34
66,415,34
69,415,34
72,415,34
75,415,34
78,416,34
81,416,34
84,416,34
87,416,34
90,415,34
93,417,34
96,417,34
99,416,34
102,416,34
105,416,34
108,417,34
111,417,34
114,417,34
117,417,34
120,417,34
123,416,34
126,416,34
129,416,34
132,417,34
135,417,34
138,417,34
141,417,34
144,417,34
147,418,34
150,418,34
153,417,34
156,417,34
159,417,34
162,417,34
165,417,34
168,417,34
171,416,34
174,416,34
177,416,34
180,416,34
183,416,34
186,416,34
189,415,34
192,416,34
195,416,34
198,416,34
201,416,34
204,416,34
207,416,34
210,416,34
213,416,34
216,415,34
219,415,34
222,415,34
225,415,34
228,415,34
231,415,34
234,414,34
237,414,34
240,414,34
243,414,34
246,414,34
249,414,34
252,414,34
255,414,34
258,414,34
261,414,34
264,414,34
267,414,34
270,414,34
273,414,34
276,413,34
279,414,34
282,414,34
285,414,34
288,415,34
291,415,34
294,415,34
297,415,34
300,414,34
303,414,34
306,414,34
309,414,34
312,414,34
315,414,34
318,414,34
321,414,34
324,413,34
327,414,34
330,414,34
333,414,34
336,415,34
339,414,34
342,415,34
345,414,34
348,414,34
351,414,34
354,415,34
357,415,34
0,418,36
3,418,36
6,419,36
9,418,36
12,419,36
15,419,36
18,420,36
21,420,36
24,420,36
27,420,36
30,420,36
33,420,36
36,420,36
39,420,36
42,421,36
45,421,36
48,421,36
51,421,36
54,421,36
57,421,36
60,421,36
63,421,36
66,421,36
69,421,36
72,421,36
75,422,36
78,422,36
81,422,36
84,422,36
87,422,36
90,422,36
93,422,36
96,422,36
99,422,36
102,422,36
105,422,36
108,422,36
111,422,36
114,422,36
117,422,36
120,422,36
123,422,36
126,422,36
129,421,36
132,421,36
135,421,36
138,421,36
141,421,36
144,421,36
147,420,36
150,420,36
153,420,36
156,420,36
159,419,36
162,419,36
165,419,36
168,419,36
171,419,36
174,419,36
177,419,36
180,418,36
183,418,36
186,418,36
189,418,36
192,418,36
195,418,36
198,418,36
201,418,36
204,417,36
207,417,36
210,417,36
213,417,36
216,417,36
219,417,36
222,416,36
225,416,36
228,416,36
231,416,36
234,416,36
237,416,36
240,416,36
243,416,36
246,416,36
249,416,36
252,416,36
255,416,36
258,416,36
261,416,36
264,416,36
267,416,36
270,416,36
273,416,36
276,417,36
279,417,36
282,417,36
285,417,36
288,416,36
291,416,36
294,416,36
297,416,36
300,417,36
303,418,36
306,417,36
309,418,36
312,417,36
315,417,36
318,417,36
321,417,36
324,418,36
327,418,36
330,418,36
333,418,36
336,419,36
339,419,36
342,418,36
345,418,36
348,419,36
351,419,36
354,419,36
357,419,36
0,420,38
3,421,38
6,421,38
9,421,38
12,421,38
15,421,38
18,421,38
21,421,38
24,421,38
27,421,38
30,421,38
33,421,38
36,421,38
39,421,38
42,421,38
45,421,38
48,421,38
51,421,38
54,421,38
57,421,38
60,421,38
63,422,38
66,422,38
69,422,38
72,422,38
75,422,38
78,422,38
81,422,38
84,422,38
87,422,38
90,422,38
93,422,38
96,422,38
99,422,38
102,423,38
105,423,38
108,423,38
111,423,38
114,423,38
117,423,38
120,423,38
123,423,38
126,423,38
129,423,38
132,423,38
135,423,38
138,423,38
141,423,38
144,423,38
147,423,38
150,423,38
153,423,38
156,423,38
159,423,38
162,423,38
165,423,38
168,423,38
171,422,38
174,422,38
177,422,38
180,422,38
183,422,38
186,421,38
189,421,38
192,421,38
195,421,38
198,421,38
201,421,38
204,421,38
207,421,38
210,421,38
213,421,38
216,421,38
219,421,38
222,420,38
225,421,38
228,420,38
231,420,38
234,420,38
237,420,38
240,420,38
243,420,38
246,420,38
249,420,38
252,420,38
255,420,38
258,420,38
261,420,38
264,420,38
267,420,38
270,420,38
273,420,38
276,420,38
279,420,38
282,420,38
285,420,38
288,420,38
291,420,38
294,420,38
297,420,38
300,420,38
303,420,38
306,420,38
309,420,38
312,420,38
315,420,38
318,420,38
321,420,38
324,420,38
327,420,38
330,420,38
333,420,38
336,420,38
339,420,38
342,421,38
345,421,38
348,421,38
351,420,38
354,421,38
357,421,38
0,421,40
3,421,40
6,421,40
9,421,40
12,421,40
15,420,40
18,421,40
21,420,40
24,420,40
27,420,40
30,420,40
33,420,40
36,420,40
39,421,40
42,421,40
45,421,40
48,421,40
51,421,40
54,421,40
57,421,40
60,421,40
63,421,40
66,421,40
69,421,40
72,422,40
75,422,40
78,422,40
81,422,40
84,422,40
87,422,40
90,422,40
93,421,40
96,421,40
99,421,40
102,421,40
105,421,40
108,421,40
111,420,40
114,420,40
117,419,40
120,419,40
123,419,40
126,419,40
129,420,40
132,420,40
135,420,40
138,420,40
141,420,40
144,420,40
147,419,40
150,419,40
153,420,40
156,420,40
159,420,40
162,421,40
165,421,40
168,421,40
171,421,40
174,421,40
177,421,40
180,422,40
183,421,40
186,422,40
189,421,40
192,421,40
195,421,40
198,421,40
201,421,40
204,421,40
207,421,40
210,421,40
213,421,40
216,420,40
219,420,40
222,420,40
225,420,40
228,420,40
231,420,40
234,420,40
237,420,40
240,420,40
243,420,40
246,420,40
249,420,40
252,419,40
255,419,40
258,419,40
261,419,40
264,419,40
267,419,40
270,419,40
273,419,40
276,418,40
279,418,40
282,418,40
285,418,40
288,418,40
291,417,40
294,417,40
297,416,40
300,416,40
303,416,40
306,416,40
309,417,40
312,417,40
315,418,40
318,418,40
321,417,40
324,417,40
327,417,40
330,416,40
333,416,40
336,416,40
339,418,40
342,418,40
345,419,40
348,419,40
351,419,40
354,420,40
357,420,40
0,420,42
3,420,42
6,420,42
9,420,42
12,420,42
15,420,42
18,420,42
21,420,42
24,420,42
27,420,42
30,420,42
33,420,42
36,421,42
39,421,42
42,421,42
45,421,42
48,421,42
51,421,42
54,421,42
57,421,42
60,421,42
63,422,42
66,422,42
69,422,42
72,422,42
75,422,42
78,422,42
81,422,42
84,422,42
87,421,42
90,421,42
93,421,42
96,418,42
99,417,42
102,418,42
105,417,42
108,418,42
111,418,42
114,418,42
117,418,42
120,418,42
123,418,42
126,418,42
129,418,42
132,418,42
135,419,42
138,418,42
141,418,42
144,417,42
147,418,42
150,417,42
153,417,42
156,417,42
159,417,42
162,419,42
165,420,42
168,420,42
171,420,42
174,421,42
177,421,42
180,421,42
183,421,42
186,421,42
189,421,42
192,421,42
195,421,42
198,421,42
201,421,42
204,421,42
207,421,42
210,421,42
213,421,42
216,420,42
219,421,42
222,421,42
225,421,42
228,420,42
231,420,42
234,420,42
237,420,42
240,420,42
243,420,42
246,420,42
249,420,42
252,420,42
255,420,42
258,419,42
261,419,42
264,418,42
267,418,42
270,417,42
273,417,42
276,416,42
279,416,42
282,415,42
285,414,42
288,414,42
291,414,42
294,414,42
297,414,42
300,415,42
303,415,42
306,415,42
309,416,42
312,417,42
315,417,42
318,418,42
321,417,42
324,417,42
327,417,42
330,417,42
333,416,42
336,416,42
339,415,42
342,414,42
345,415,42
348,415,42
351,415,42
354,417,42
357,417,42
0,416,44
3,416,44
6,417,44
9,418,44
12,418,44
15,418,44
18,419,44
21,419,44
24,419,44
27,419,44
30,419,44
33,419,44
36,420,44
39,420,44
42,420,44
45,420,44
48,420,44
51,420,44
54,420,44
57,421,44
60,421,44
63,421,44
66,421,44
69,421,44
72,421,44
75,421,44
78,421,44
81,421,44
84,421,44
87,420,44
90,420,44
93,420,44
96,420,44
99,421,44
102,421,44
105,421,44
108,421,44
111,421,44
114,421,44
117,422,44
120,422,44
123,422,44
126,422,44
129,422,44
132,422,44
135,422,44
138,422,44
141,422,44
144,422,44
147,422,44
150,422,44
153,422,44
156,422,44
159,422,44
162,422,44
165,421,44
168,421,44
171,421,44
174,421,44
177,420,44
180,420,44
183,420,44
186,420,44
189,420,44
192,420,44
195,421,44
198,421,44
201,421,44
204,420,44
207,420,44
210,420,44
213,420,44
216,420,44
219,420,44
222,420,44
225,420,44
228,420,44
231,420,44
234,420,44
237,419,44
240,419,44
243,418,44
246,418,44
249,417,44
252,416,44
255,416,44
258,416,44
261,415,44
264,415,44
267,414,44
270,415,44
273,416,44
276,416,44
279,417,44
282,417,44
285,419,44
288,419,44
291,419,44
294,419,44
297,419,44
300,419,44
303,419,44
306,419,44
309,419,44
312,419,44
315,419,44
318,419,44
321,419,44
324,419,44
327,419,44
330,419,44
333,419,44
336,418,44
339,418,44
342,418,44
345,417,44
348,417,44
351,417,44
354,416,44
357,415,44
0,415,46
3,415,46
6,414,46
9,414,46
12,415,46
15,415,46
18,415,46
21,416,46
24,416,46
27,416,46
30,416,46
33,416,46
36,417,46
39,417,46
42,417,46
45,417,46
48,417,46
51,417,46
54,417,46
57,418,46
60,418,46
63,418,46
66,418,46
69,419,46
72,419,46
75,419,46
78,419,46
81,419,46
84,419,46
87,420,46
90,420,46
93,420,46
96,421,46
99,421,46
102,421,46
105,421,46
108,421,46
111,422,46
114,422,46
117,422,46
120,421,46
123,421,46
126,421,46
129,421,46
132,421,46
135,421,46
138,421,46
141,421,46
144,421,46
147,421,46
150,421,46
153,420,46
156,421,46
159,421,46
162,421,46
165,420,46
168,421,46
171,420,46
174,420,46
177,419,46
180,419,46
183,419,46
186,419,46
189,418,46
192,418,46
195,418,46
198,418,46
201,418,46
204,418,46
207,417,46
210,417,46
213,417,46
216,417,46
219,417,46
222,417,46
225,417,46
228,417,46
231,416,46
234,416,46
237,416,46
240,416,46
243,416,46
246,415,46
249,415,46
252,414,46
255,414,46
258,415,46
261,415,46
264,416,46
267,416,46
270,417,46
273,417,46
276,419,46
279,419,46
282,419,46
285,419,46
288,419,46
291,419,46
294,419,46
297,419,46
300,419,46
303,419,46
306,419,46
309,419,46
312,419,46
315,419,46
318,419,46
321,419,46
324,419,46
327,419,46
330,418,46
333,418,46
336,418,46
339,417,46
342,417,46
345,416,46
348,416,46
351,415,46
354,415,46
357,414,46
0,414,48
3,414,48
6,414,48
9,414,48
12,414,48
15,414,48
18,414,48
21,415,48
24,415,48
27,415,48
30,415,48
33,415,48
36,415,48
39,416,48
42,416,48
45,416,48
48,416,48
51,416,48
54,416,48
57,416,48
60,416,48
63,416,48
66,416,48
69,417,48
72,417,48
75,417,48
78,417,48
81,418,48
84,418,48
87,419,48
90,419,48
93,419,48
96,419,48
99,419,48
102,419,48
105,419,48
108,419,48
111,420,48
114,419,48
117,419,48
120,419,48
123,419,48
126,419,48
129,419,48
132,419,48
135,419,48
138,419,48
141,419,48
144,419,48
147,419,48
150,419,48
153,419,48
156,419,48
159,419,48
162,419,48
165,419,48
168,418,48
171,418,48
174,418,48
177,418,48
180,418,48
183,418,48
186,418,48
189,417,48
192,417,48
195,417,48
198,417,48
201,417,48
204,417,48
207,417,48
210,417,48
213,417,48
216,416,48
219,416,48
222,416,48
225,416,48
228,415,48
231,415,48
234,415,48
237,414,48
240,414,48
243,414,48
246,414,48
249,413,48
252,413,48
255,414,48
258,414,48
261,417,48
264,417,48
267,417,48
270,418,48
273,418,48
276,418,48
279,419,48
282,419,48
285,419,48
288,418,48
291,417,48
294,417,48
297,416,48
300,416,48
303,416,48
306,416,48
309,416,48
312,416,48
315,416,48
318,416,48
321,416,48
324,417,48
327,416,48
330,416,48
333,416,48
336,416,48
339,416,48
342,415,48
345,415,48
348,415,48
351,414,48
354,414,48
357,414,48
0,414,50
3,414,50
6,414,50
9,414,50
12,414,50
15,414,50
18,414,50
21,415,50
24,415,50
27,415,50
30,415,50
33,415,50
36,415,50
39,416,50
42,416,50
45,416,50
48,416,50
51,416,50
54,416,50
57,417,50
60,417,50
63,417,50
66,416,50
69,416,50
72,417,50
75,417,50
78,418,50
81,418,50
84,418,50
87,418,50
90,418,50
93,418,50
96,419,50
99,419,50
102,418,50
105,419,50
108,418,50
111,418,50
114,418,50
117,419,50
120,419,50
123,419,50
126,419,50
129,420,50
132,419,50
135,419,50
138,419,50
141,419,50
144,419,50
147,419,50
150,419,50
153,419,50
156,419,50
159,419,50
162,418,50
165,418,50
168,418,50
171,418,50
174,418,50
177,418,50
180,418,50
183,418,50
186,418,50
189,417,50
192,417,50
195,417,50
198,417,50
201,417,50
204,416,50
207,416,50
210,416,50
213,416,50
216,416,50
219,416,50
222,416,50
225,415,50
228,415,50
231,415,50
234,415,50
237,414,50
240,414,50
243,414,50
246,414,50
249,414,50
252,414,50
255,414,50
258,415,50
261,416,50
264,417,50
267,417,50
270,418,50
273,418,50
276,419,50
279,419,50
282,419,50
285,418,50
288,418,50
291,418,50
294,417,50
297,416,50
300,416,50
303,416,50
306,416,50
309,416,50
312,416,50
315,416,50
318,416,50
321,416,50
324,416,50
327,416,50
330,416,50
333,416,50
336,416,50
339,416,50
342,415,50
345,414,50
348,414,50
351,414,50
354,414,50
357,414,50
0,414,52
3,414,52
6,414,52
9,415,52
12,415,52
15,415,52
18,415,52
21,415,52
24,416,52
27,416,52
30,416,52
33,416,52
36,416,52
39,416,52
42,416,52
45,416,52
48,417,52
51,417,52
54,417,52
57,417,52
60,417,52
63,417,52
66,417,52
69,417,52
72,417,52
75,417,52
78,417,52
81,418,52
84,418,52
87,418,52
90,419,52
93,419,52
96,419,52
99,419,52
102,419,52
105,419,52
108,419,52
111,419,52
114,419,52
117,419,52
120,419,52
123,419,52
126,419,52
129,419,52
132,419,52
135,419,52
138,419,52
141,419,52
144,419,52
147,419,52
150,419,52
153,419,52
156,419,52
159,418,52
162,418,52
165,418,52
168,418,52
171,418,52
174,418,52
177,417,52
180,417,52
183,417,52
186,417,52
189,417,52
192,417,52
195,417,52
198,417,52
201,417,52
204,417,52
207,416,52
210,416,52
213,416,52
216,416,52
219,416,52
222,416,52
225,416,52
228,415,52
231,415,52
234,415,52
237,415,52
240,415,52
243,415,52
246,415,52
249,415,52
252,415,52
255,414,52
258,414,52
261,415,52
264,416,52
267,416,52
270,416,52
273,417,52
276,417,52
279,417,52
282,417,52
285,417,52
288,417,52
291,417,52
294,417,52
297,417,52
300,416,52
303,416,52
306,416,52
309,416,52
312,416,52
315,416,52
318,416,52
321,416,52
324,416,52
327,416,52
330,416,52
333,416,52
336,416,52
339,416,52
342,415,52
345,415,52
348,414,52
351,414,52
354,414,52
357,414,52
0,414,54
3,414,54
6,414,54
9,414,54
12,414,54
15,414,54
18,415,54
21,415,54
24,415,54
27,415,54
30,416,54
33,416,54
36,416,54
39,416,54
42,417,54
45,417,54
48,417,54
51,417,54
54,417,54
57,417,54
60,417,54
63,417,54
66,417,54
69,417,54
72,417,54
75,417,54
78,418,54
81,419,54
84,419,54
87,418,54
90,419,54
93,419,54
96,419,54
99,419,54
102,419,54
105,419,54
108,419,54
111,419,54
114,419,54
117,419,54
120,419,54
123,419,54
126,419,54
129,419,54
132,419,54
135,419,54
138,419,54
141,419,54
144,419,54
147,419,54
150,419,54
153,419,54
156,419,54
159,419,54
162,419,54
165,419,54
168,418,54
171,418,54
174,418,54
177,418,54
180,417,54
183,417,54
186,417,54
189,417,54
192,417,54
195,417,54
198,417,54
201,416,54
204,416,54
207,416,54
210,416,54
213,416,54
216,416,54
219,416,54
222,416,54
225,416,54
228,416,54
231,415,54
234,415,54
237,415,54
240,415,54
243,415,54
246,415,54
249,415,54
252,414,54
255,414,54
258,414,54
261,414,54
264,414,54
267,416,54
270,416,54
273,417,54
276,417,54
279,417,54
282,417,54
285,417,54
288,417,54
291,417,54
294,417,54
297,416,54
300,416,54
303,416,54
306,416,54
309,416,54
312,416,54
315,416,54
318,416,54
321,417,54
324,417,54
327,416,54
330,416,54
333,416,54
336,416,54
339,415,54
342,415,54
345,414,54
348,414,54
351,414,54
354,414,54
357,414,54
0,414,56
3,414,56
6,414,56
9,414,56
12,415,56
15,416,56
18,416,56
21,416,56
24,416,56
27,416,56
30,416,56
33,416,56
36,416,56
39,417,56
42,417,56
45,417,56
48,417,56
51,417,56
54,418,56
57,418,56
60,418,56
63,418,56
66,418,56
69,418,56
72,418,56
75,418,56
78,418,56
81,419,56
84,419,56
87,419,56
90,419,56
93,419,56
96,419,56
99,419,56
102,420,56
105,420,56
108,420,56
111,420,56
114,420,56
117,420,56
120,420,56
123,420,56
126,420,56
129,419,56
132,419,56
135,419,56
138,420,56
141,420,56
144,420,56
147,420,56
150,419,56
153,419,56
156,419,56
159,419,56
162,418,56
165,418,56
168,418,56
171,418,56
174,418,56
177,418,56
180,418,56
183,417,56
186,417,56
189,417,56
192,417,56
195,417,56
198,417,56
201,417,56
204,417,56
207,417,56
210,417,56
213,417,56
216,416,56
219,416,56
222,416,56
225,416,56
228,416,56
231,416,56
234,416,56
237,416,56
240,416,56
243,416,56
246,415,56
249,415,56
252,415,56
255,414,56
258,414,56
261,415,56
264,416,56
267,416,56
270,417,56
273,417,56
276,417,56
279,418,56
282,418,56
285,418,56
288,418,56
291,418,56
294,418,56
297,417,56
300,417,56
303,417,56
306,417,56
309,417,56
312,417,56
315,417,56
318,417,56
321,417,56
324,417,56
327,417,56
330,417,56
333,417,56
336,417,56
339,416,56
342,416,56
345,415,56
348,414,56
351,414,56
354,414,56
357,414,56
0,414,58
3,414,58
6,414,58
9,415,58
12,415,58
15,415,58
18,416,58
21,416,58
24,416,58
27,416,58
30,416,58
33,417,58
36,417,58
39,417,58
42,417,58
45,417,58
48,418,58
51,418,58
54,418,58
57,419,58
60,419,58
63,418,58
66,418,58
69,419,58
72,419,58
75,419,58
78,419,58
81,420,58
84,420,58
87,420,58
90,420,58
93,420,58
96,421,58
99,421,58
102,421,58
105,420,58
108,420,58
111,421,58
114,421,58
117,421,58
120,421,58
123,421,58
126,420,58
129,420,58
132,420,58
135,420,58
138,420,58
141,420,58
144,420,58
147,420,58
150,420,58
153,420,58
156,419,58
159,420,58
162,419,58
165,419,58
168,419,58
171,418,58
174,418,58
177,418,58
180,418,58
183,418,58
186,418,58
189,418,58
192,418,58
195,417,58
198,417,58
201,417,58
204,417,58
207,417,58
210,417,58
213,417,58
216,417,58
219,417,58
222,416,58
225,416,58
228,416,58
231,416,58
234,416,58
237,416,58
240,416,58
243,416,58
246,415,58
249,414,58
252,414,58
255,414,58
258,415,58
261,415,58
264,416,58
267,416,58
270,417,58
273,418,58
276,418,58
279,418,58
282,418,58
285,418,58
288,418,58
291,418,58
294,418,58
297,418,58
300,418,58
303,418,58
306,418,58
309,418,58
312,418,58
315,417,58
318,417,58
321,417,58
324,417,58
327,417,58
330,417,58
333,417,58
336,417,58
339,417,58
342,416,58
345,415,58
348,415,58
351,414,58
354,414,58
357,414,58
0,414,60
3,414,60
6,414,60
9,415,60
12,415,60
15,416,60
18,416,60
21,417,60
24,417,60
27,417,60
30,417,60
33,417,60
36,418,60
39,418,60
42,418,60
45,418,60
48,418,60
51,418,60
54,418,60
57,419,60
60,419,60
63,419,60
66,419,60
69,419,60
72,419,60
75,419,60
78,419,60
81,419,60
84,420,60
87,420,60
90,420,60
93,420,60
96,420,60
99,419,60
102,419,60
105,419,60
108,419,60
111,419,60
114,419,60
117,419,60
120,419,60
123,420,60
126,420,60
129,420,60
132,420,60
135,420,60
138,420,60
141,420,60
144,420,60
147,420,60
150,420,60
153,419,60
156,419,60
159,419,60
162,419,60
165,419,60
168,418,60
171,418,60
174,417,60
177,417,60
180,417,60
183,417,60
186,417,60
189,417,60
192,417,60
195,417,60
198,416,60
201,416,60
204,416,60
207,416,60
210,416,60
213,416,60
216,416,60
219,415,60
222,415,60
225,415,60
228,416,60
231,416,60
234,416,60
237,416,60
240,415,60
243,414,60
246,414,60
249,414,60
252,414,60
255,415,60
258,416,60
261,416,60
264,417,60
267,417,60
270,417,60
273,417,60
276,417,60
279,417,60
282,417,60
285,417,60
288,417,60
291,417,60
294,417,60
297,417,60
300,417,60
303,417,60
306,417,60
309,417,60
312,417,60
315,417,60
318,417,60
321,416,60
324,417,60
327,417,60
330,417,60
333,417,60
336,416,60
339,416,60
342,415,60
345,415,60
348,414,60
351,413,60
354,413,60
357,413,60
0,413,62
3,414,62
6,414,62
9,415,62
12,415,62
15,416,62
18,416,62
21,416,62
24,416,62
27,416,62
30,417,62
33,417,62
36,418,62
39,418,62
42,418,62
45,418,62
48,418,62
51,418,62
54,418,62
57,418,62
60,418,62
63,419,62
66,419,62
69,419,62
72,419,62
75,419,62
78,419,62
81,420,62
84,420,62
87,420,62
90,420,62
93,420,62
96,420,62
99,420,62
102,420,62
105,420,62
108,420,62
111,420,62
114,420,62
117,421,62
120,421,62
123,421,62
126,421,62
129,421,62
132,421,62
135,420,62
138,420,62
141,420,62
144,420,62
147,420,62
150,420,62
153,420,62
156,420,62
159,420,62
162,420,62
165,419,62
168,419,62
171,419,62
174,418,62
177,418,62
180,418,62
183,418,62
186,417,62
189,418,62
192,418,62
195,418,62
198,417,62
201,417,62
204,417,62
207,417,62
210,417,62
213,417,62
216,417,62
219,416,62
222,416,62
225,416,62
228,416,62
231,416,62
234,416,62
237,416,62
240,416,62
243,416,62
246,416,62
249,416,62
252,416,62
255,416,62
258,417,62
261,417,62
264,417,62
267,417,62
270,417,62
273,417,62
276,418,62
279,418,62
282,418,62
285,418,62
288,418,62
291,418,62
294,418,62
297,418,62
300,418,62
303,417,62
306,417,62
309,417,62
312,417,62
315,418,62
318,418,62
321,418,62
324,418,62
327,417,62
330,416,62
333,416,62
336,416,62
339,416,62
342,416,62
345,415,62
348,415,62
351,415,62
354,414,62
357,414,62
0,414,64
3,414,64
6,414,64
9,415,64
12,416,64
15,416,64
18,417,64
21,417,64
24,417,64
27,417,64
30,417,64
33,417,64
36,418,64
39,418,64
42,418,64
45,418,64
48,418,64
51,418,64
54,418,64
57,418,64
60,419,64
63,419,64
66,419,64
69,419,64
72,419,64
75,420,64
78,420,64
81,420,64
84,420,64
87,420,64
90,420,64
93,421,64
96,420,64
99,421,64
102,421,64
105,421,64
108,421,64
111,421,64
114,421,64
117,421,64
120,421,64
123,421,64
126,421,64
129,421,64
132,421,64
135,421,64
138,421,64
141,421,64
144,421,64
147,421,64
150,421,64
153,420,64
156,420,64
159,420,64
162,419,64
165,419,64
168,419,64
171,418,64
174,418,64
177,418,64
180,417,64
183,417,64
186,418,64
189,418,64
192,417,64
195,417,64
198,417,64
201,417,64
204,416,64
207,417,64
210,417,64
213,417,64
216,417,64
219,417,64
222,417,64
225,416,64
228,416,64
231,417,64
234,417,64
237,417,64
240,417,64
243,417,64
246,417,64
249,417,64
252,417,64
255,417,64
258,417,64
261,417,64
264,417,64
267,418,64
270,418,64
273,419,64
276,419,64
279,419,64
282,419,64
285,418,64
288,418,64
291,418,64
294,418,64
297,418,64
300,418,64
303,418,64
306,418,64
309,418,64
312,418,64
315,418,64
318,418,64
321,418,64
324,418,64
327,418,64
330,418,64
333,418,64
336,418,64
339,417,64
342,417,64
345,417,64
348,415,64
351,415,64
354,414,64
357,414,64
0,414,66
3,414,66
6,415,66
9,415,66
12,416,66
15,417,66
18,417,66
21,418,66
24,418,66
27,418,66
30,418,66
33,418,66
36,418,66
39,418,66
42,418,66
45,418,66
48,418,66
51,418,66
54,418,66
57,418,66
60,419,66
63,419,66
66,419,66
69,419,66
72,420,66
75,420,66
78,420,66
81,420,66
84,420,66
87,420,66
90,421,66
93,421,66
96,421,66
99,421,66
102,421,66
105,422,66
108,422,66
111,421,66
114,421,66
117,421,66
120,421,66
123,421,66
126,421,66
129,421,66
132,421,66
135,421,66
138,421,66
141,421,66
144,421,66
147,421,66
150,421,66
153,420,66
156,420,66
159,419,66
162,419,66
165,419,66
168,419,66
171,419,66
174,419,66
177,418,66
180,418,66
183,418,66
186,418,66
189,418,66
192,418,66
195,418,66
198,418,66
201,418,66
204,418,66
207,417,66
210,417,66
213,417,66
216,417,66
219,417,66
222,416,66
225,416,66
228,416,66
231,416,66
234,416,66
237,417,66
240,416,66
243,416,66
246,417,66
249,417,66
252,417,66
255,417,66
258,417,66
261,418,66
264,418,66
267,418,66
270,418,66
273,419,66
276,419,66
279,419,66
282,419,66
285,419,66
288,419,66
291,419,66
294,419,66
297,419,66
300,419,66
303,419,66
306,418,66
309,418,66
312,418,66
315,418,66
318,418,66
321,418,66
324,418,66
327,418,66
330,418,66
333,418,66
336,418,66
339,418,66
342,418,66
345,417,66
348,414,66
351,414,66
354,415,66
357,415,66
0,414,68
3,416,68
6,416,68
9,416,68
12,417,68
15,417,68
18,417,68
21,417,68
24,418,68
27,418,68
30,418,68
33,418,68
36,419,68
39,419,68
42,419,68
45,419,68
48,419,68
51,419,68
54,419,68
57,419,68
60,419,68
63,419,68
66,420,68
69,420,68
72,420,68
75,421,68
78,421,68
81,421,68
84,421,68
87,421,68
90,421,68
93,421,68
96,421,68
99,421,68
102,421,68
105,422,68
108,422,68
111,422,68
114,422,68
117,422,68
120,422,68
123,422,68
126,422,68
129,422,68
132,422,68
135,421,68
138,421,68
141,421,68
144,421,68
147,421,68
150,421,68
153,420,68
156,420,68
159,420,68
162,420,68
165,420,68
168,420,68
171,419,68
174,419,68
177,419,68
180,419,68
183,418,68
186,418,68
189,418,68
192,418,68
195,418,68
198,418,68
201,418,68
204,417,68
207,417,68
210,417,68
213,417,68
216,417,68
219,417,68
222,417,68
225,416,68
228,417,68
231,417,68
234,417,68
237,417,68
240,417,68
243,417,68
246,417,68
249,417,68
252,417,68
255,417,68
258,417,68
261,417,68
264,418,68
267,418,68
270,419,68
273,419,68
276,419,68
279,419,68
282,419,68
285,419,68
288,419,68
291,419,68
294,419,68
297,419,68
300,419,68
303,419,68
306,419,68
309,419,68
312,419,68
315,419,68
318,419,68
321,419,68
324,419,68
327,419,68
330,418,68
333,418,68
336,418,68
339,418,68
342,418,68
345,417,68
348,417,68
351,416,68
354,416,68
357,415,68
0,415,70
3,415,70
6,415,70
9,416,70
12,417,70
15,417,70
18,417,70
21,418,70
24,418,70
27,418,70
30,418,70
33,418,70
36,418,70
39,418,70
42,418,70
45,418,70
48,419,70
51,419,70
54,419,70
57,419,70
60,420,70
63,420,70
66,420,70
69,420,70
72,421,70
75,421,70
78,421,70
81,422,70
84,422,70
87,422,70
90,422,70
93,422,70
96,422,70
99,422,70
102,422,70
105,423,70
108,423,70
111,423,70
114,423,70
117,423,70
120,423,70
123,423,70
126,423,70
129,422,70
132,422,70
135,422,70
138,423,70
141,422,70
144,422,70
147,422,70
150,422,70
153,422,70
156,421,70
159,421,70
162,420,70
165,420,70
168,419,70
171,419,70
174,419,70
177,419,70
180,419,70
183,419,70
186,419,70
189,419,70
192,419,70
195,419,70
198,418,70
201,418,70
204,418,70
207,418,70
210,418,70
213,417,70
216,417,70
219,416,70
222,416,70
225,416,70
228,416,70
231,417,70
234,417,70
237,417,70
240,417,70
243,417,70
246,417,70
249,417,70
252,418,70
255,418,70
258,419,70
261,419,70
264,419,70
267,420,70
270,420,70
273,419,70
276,419,70
279,419,70
282,420,70
285,420,70
288,420,70
291,420,70
294,419,70
297,419,70
300,419,70
303,418,70
306,418,70
309,418,70
312,418,70
315,419,70
318,419,70
321,419,70
324,419,70
327,419,70
330,418,70
333,418,70
336,418,70
339,418,70
342,417,70
345,417,70
348,417,70
351,416,70
354,414,70
357,415,70
0,415,72
3,415,72
6,416,72
9,416,72
12,417,72
15,417,72
18,417,72
21,418,72
24,418,72
27,418,72
30,418,72
33,418,72
36,418,72
39,418,72
42,419,72
45,419,72
48,419,72
51,419,72
54,420,72
57,420,72
60,420,72
63,420,72
66,420,72
69,420,72
72,421,72
75,421,72
78,421,72
81,421,72
84,421,72
87,422,72
90,422,72
93,422,72
96,422,72
99,422,72
102,422,72
105,423,72
108,423,72
111,423,72
114,423,72
117,423,72
120,423,72
123,423,72
126,422,72
129,422,72
132,422,72
135,422,72
138,422,72
141,422,72
144,422,72
147,422,72
150,422,72
153,422,72
156,422,72
159,421,72
162,421,72
165,421,72
168,420,72
171,420,72
174,420,72
177,419,72
180,419,72
183,419,72
186,419,72
189,419,72
192,419,72
195,418,72
198,418,72
201,418,72
204,418,72
207,418,72
210,417,72
213,417,72
216,417,72
219,417,72
222,417,72
225,417,72
228,417,72
231,417,72
234,417,72
237,417,72
240,417,72
243,417,72
246,417,72
249,417,72
252,417,72
255,417,72
258,418,72
261,418,72
264,418,72
267,419,72
270,419,72
273,419,72
276,419,72
279,419,72
282,419,72
285,419,72
288,419,72
291,419,72
294,419,72
297,419,72
300,419,72
303,419,72
306,419,72
309,419,72
312,419,72
315,419,72
318,419,72
321,419,72
324,419,72
327,419,72
330,419,72
333,419,72
336,419,72
339,418,72
342,418,72
345,418,72
348,417,72
351,416,72
354,416,72
357,416,72
0,415,74
3,415,74
6,416,74
9,416,74
12,416,74
15,417,74
18,417,74
21,417,74
24,418,74
27,418,74
30,418,74
33,418,74
36,418,74
39,419,74
42,419,74
45,419,74
48,419,74
51,419,74
54,419,74
57,419,74
60,420,74
63,420,74
66,420,74
69,420,74
72,421,74
75,421,74
78,421,74
81,422,74
84,422,74
87,422,74
90,422,74
93,422,74
96,422,74
99,422,74
102,422,74
105,422,74
108,423,74
111,423,74
114,423,74
117,423,74
120,423,74
123,423,74
126,423,74
129,423,74
132,423,74
135,423,74
138,422,74
141,422,74
144,422,74
147,422,74
150,422,74
153,422,74
156,421,74
159,421,74
162,421,74
165,421,74
168,421,74
171,420,74
174,420,74
177,420,74
180,419,74
183,419,74
186,419,74
189,419,74
192,419,74
195,419,74
198,419,74
201,418,74
204,417,74
207,417,74
210,417,74
213,417,74
216,417,74
219,417,74
222,417,74
225,417,74
228,417,74
231,417,74
234,417,74
237,417,74
240,417,74
243,417,74
246,417,74
249,417,74
252,417,74
255,418,74
258,418,74
261,418,74
264,418,74
267,418,74
270,419,74
273,419,74
276,420,74
279,420,74
282,420,74
285,420,74
288,420,74
291,420,74
294,420,74
297,420,74
300,420,74
303,420,74
306,420,74
309,420,74
312,420,74
315,419,74
318,419,74
321,419,74
324,419,74
327,419,74
330,419,74
333,419,74
336,418,74
339,418,74
342,418,74
345,418,74
348,417,74
351,417,74
354,416,74
357,416,74
0,415,76
3,415,76
6,415,76
9,416,76
12,417,76
15,417,76
18,418,76
21,418,76
24,418,76
27,418,76
30,418,76
33,418,76
36,418,76
39,419,76
42,419,76
45,419,76
48,419,76
51,419,76
54,420,76
57,420,76
60,420,76
63,421,76
66,421,76
69,421,76
72,421,76
75,421,76
78,422,76
81,422,76
84,422,76
87,422,76
90,423,76
93,423,76
96,423,76
99,424,76
102,424,76
105,424,76
108,424,76
111,424,76
114,424,76
117,423,76
120,424,76
123,424,76
126,424,76
129,424,76
132,424,76
135,424,76
138,423,76
141,423,76
144,423,76
147,423,76
150,423,76
153,423,76
156,422,76
159,422,76
162,422,76
165,421,76
168,421,76
171,420,76
174,420,76
177,420,76
180,419,76
183,419,76
186,419,76
189,419,76
192,419,76
195,419,76
198,419,76
201,418,76
204,418,76
207,417,76
210,416,76
213,416,76
216,416,76
219,416,76
222,416,76
225,416,76
228,417,76
231,417,76
234,417,76
237,417,76
240,417,76
243,417,76
246,417,76
249,417,76
252,418,76
255,418,76
258,418,76
261,418,76
264,418,76
267,419,76
270,419,76
273,420,76
276,420,76
279,420,76
282,420,76
285,420,76
288,420,76
291,420,76
294,419,76
297,419,76
300,419,76
303,420,76
306,419,76
309,419,76
312,419,76
315,419,76
318,419,76
321,419,76
324,419,76
327,419,76
330,419,76
333,418,76
336,418,76
339,418,76
342,418,76
345,417,76
348,417,76
351,416,76
354,416,76
357,416,76
0,416,78
3,416,78
6,416,78
9,416,78
12,416,78
15,417,78
18,417,78
21,417,78
24,418,78
27,418,78
30,418,78
33,419,78
36,419,78
39,419,78
42,419,78
45,419,78
48,419,78
51,419,78
54,420,78
57,420,78
60,420,78
63,421,78
66,421,78
69,421,78
72,422,78
75,422,78
78,422,78
81,423,78
84,423,78
87,423,78
90,423,78
93,423,78
96,423,78
99,424,78
102,424,78
105,424,78
108,424,78
111,424,78
114,424,78
117,424,78
120,424,78
123,424,78
126,424,78
129,424,78
132,424,78
135,424,78
138,424,78
141,424,78
144,424,78
147,423,78
150,423,78
153,423,78
156,422,78
159,422,78
162,422,78
165,422,78
168,421,78
171,421,78
174,421,78
177,421,78
180,420,78
183,420,78
186,419,78
189,419,78
192,419,78
195,419,78
198,418,78
201,418,78
204,417,78
207,417,78
210,417,78
213,417,78
216,417,78
219,417,78
222,417,78
225,417,78
228,417,78
231,417,78
234,417,78
237,417,78
240,417,78
243,418,78
246,418,78
249,418,78
252,418,78
255,418,78
258,419,78
261,419,78
264,419,78
267,420,78
270,420,78
273,420,78
276,420,78
279,420,78
282,420,78
285,420,78
288,420,78
291,420,78
294,420,78
297,420,78
300,420,78
303,420,78
306,420,78
309,421,78
312,421,78
315,421,78
318,421,78
321,420,78
324,420,78
327,420,78
330,420,78
333,419,78
336,419,78
339,419,78
342,418,78
345,418,78
348,418,78
351,418,78
354,417,78
357,416,78
0,416,80
3,416,80
6,416,80
9,417,80
12,417,80
15,417,80
18,417,80
21,418,80
24,418,80
27,418,80
30,418,80
33,418,80
36,419,80
39,419,80
42,419,80
45,419,80
48,420,80
51,420,80
54,420,80
57,421,80
60,421,80
63,422,80
66,422,80
69,422,80
72,422,80
75,423,80
78,423,80
81,423,80
84,423,80
87,423,80
90,424,80
93,424,80
96,424,80
99,424,80
102,424,80
105,424,80
108,424,80
111,424,80
114,424,80
117,424,80
120,424,80
123,424,80
126,424,80
129,424,80
132,424,80
135,424,80
138,424,80
141,424,80
144,424,80
147,424,80
150,424,80
